selection file, result

50

[100, 3.0, 1.0, 1.0]
[100, 1.0, 0.0, 1.0]
[96, 2.0, 0.0, 1.0]
[61, 2.0, 0.0, 0.0]
[77, 3.0, 0.0, 1.0]
[8, 3.0, 0.0, 0.0]
[96, 0.0, 0.0, 0.0]
[72, 1.0, 0.0, 0.0]
[100, 2.0, 1.0, 0.0]
[81, 3.0, 1.0, 0.0]

100

[100, 3.0, 1.0, 1.0]
[100, 0.0, 0.0, 1.0]
[96, 1.0, 0.0, 1.0]
[38, 1.0, 0.0, 0.0]
[61, 2.0, 0.0, 1.0]
[47, 3.0, 0.0, 1.0]
[72, 0.0, 0.0, 0.0]
[100, 2.0, 1.0, 0.0]
[81, 3.0, 1.0, 0.0]

150

[100, 3.0, 1.0, 1.0]
[100, 0.0, 0.0, 1.0]
[72, 1.0, 0.0, 1.0]
[44, 2.0, 0.0, 1.0]
[45, 0.0, 0.0, 0.0]
[100, 2.0, 1.0, 0.0]
[81, 3.0, 1.0, 0.0]

200

[100, 3.0, 1.0, 1.0]
[77, 0.0, 0.0, 1.0]
[47, 1.0, 0.0, 1.0]
[10, 0.0, 0.0, 0.0]
[100, 2.0, 1.0, 0.0]
[81, 3.0, 1.0, 0.0]

250

[100, 3.0, 1.0, 1.0]
[69, 0.0, 0.0, 1.0]
[38, 1.0, 0.0, 1.0]
[100, 2.0, 1.0, 0.0]
[81, 3.0, 1.0, 0.0]

300

[100, 3.0, 1.0, 1.0]
[47, 0.0, 0.0, 1.0]
[100, 2.0, 1.0, 0.0]
[81, 3.0, 1.0, 0.0]
