selection file, result

30

[150, 4.0, 7.0, 0.0, 0.0]
[150, 3.0, 8.0, 0.0, 0.0]
[157, 4.0, 8.0, 0.0, 0.0]
[183, 4.0, 8.0, 1.0, 0.0]
[200, 4.0, 8.0, 1.0, 1.0]
[179, 4.0, 8.0, 0.0, 1.0]
[150, 2.0, 8.0, 1.0, 0.0]
[173, 3.0, 8.0, 1.0, 0.0]
[183, 3.0, 8.0, 1.0, 1.0]
[150, 1.0, 8.0, 1.0, 1.0]
[168, 2.0, 8.0, 1.0, 1.0]
[150, 2.0, 8.0, 0.0, 1.0]
[161, 3.0, 8.0, 0.0, 1.0]
[150, 3.0, 6.0, 1.0, 0.0]
[150, 4.0, 5.0, 1.0, 0.0]
[163, 4.0, 6.0, 1.0, 0.0]
[179, 4.0, 6.0, 1.0, 1.0]
[179, 4.0, 7.0, 1.0, 0.0]
[189, 4.0, 7.0, 1.0, 1.0]
[150, 4.0, 2.0, 1.0, 1.0]
[153, 4.0, 3.0, 1.0, 1.0]
[158, 4.0, 4.0, 1.0, 1.0]
[163, 4.0, 5.0, 1.0, 1.0]
[163, 3.0, 7.0, 1.0, 0.0]
[175, 3.0, 7.0, 1.0, 1.0]
[158, 2.0, 7.0, 1.0, 1.0]
[150, 3.0, 5.0, 1.0, 1.0]
[150, 2.0, 6.0, 1.0, 1.0]
[165, 3.0, 6.0, 1.0, 1.0]
[150, 3.0, 7.0, 0.0, 1.0]
[150, 4.0, 5.0, 0.0, 1.0]
[161, 4.0, 6.0, 0.0, 1.0]
[175, 4.0, 7.0, 0.0, 1.0]

25

[150, 3.0, 8.0, 0.0, 0.0]
[150, 4.0, 6.0, 0.0, 0.0]
[161, 4.0, 7.0, 0.0, 0.0]
[183, 4.0, 7.0, 1.0, 0.0]
[200, 4.0, 7.0, 1.0, 1.0]
[179, 4.0, 7.0, 0.0, 1.0]
[167, 4.0, 8.0, 0.0, 0.0]
[190, 4.0, 8.0, 1.0, 0.0]
[209, 4.0, 8.0, 1.0, 1.0]
[186, 4.0, 8.0, 0.0, 1.0]
[150, 4.0, 4.0, 1.0, 0.0]
[153, 4.0, 5.0, 1.0, 0.0]
[173, 4.0, 5.0, 1.0, 1.0]
[177, 4.0, 6.0, 1.0, 0.0]
[183, 4.0, 6.0, 1.0, 1.0]
[150, 4.0, 2.0, 1.0, 1.0]
[163, 4.0, 3.0, 1.0, 1.0]
[167, 4.0, 4.0, 1.0, 1.0]
[150, 4.0, 5.0, 0.0, 1.0]
[168, 4.0, 6.0, 0.0, 1.0]
[150, 2.0, 7.0, 1.0, 0.0]
[150, 3.0, 5.0, 1.0, 1.0]
[163, 3.0, 6.0, 1.0, 0.0]
[175, 3.0, 6.0, 1.0, 1.0]
[175, 3.0, 7.0, 1.0, 0.0]
[183, 3.0, 7.0, 1.0, 1.0]
[182, 3.0, 8.0, 1.0, 0.0]
[189, 3.0, 8.0, 1.0, 1.0]
[150, 1.0, 8.0, 1.0, 1.0]
[157, 2.0, 8.0, 1.0, 0.0]
[182, 2.0, 8.0, 1.0, 1.0]
[163, 2.0, 6.0, 1.0, 1.0]
[175, 2.0, 7.0, 1.0, 1.0]
[150, 2.0, 8.0, 0.0, 1.0]
[157, 3.0, 6.0, 0.0, 1.0]
[163, 3.0, 7.0, 0.0, 1.0]
[173, 3.0, 8.0, 0.0, 1.0]

20

[150, 3.0, 6.0, 0.0, 0.0]
[150, 4.0, 5.0, 0.0, 0.0]
[161, 4.0, 6.0, 0.0, 0.0]
[182, 4.0, 6.0, 1.0, 0.0]
[190, 4.0, 6.0, 1.0, 1.0]
[178, 4.0, 6.0, 0.0, 1.0]
[175, 4.0, 7.0, 0.0, 0.0]
[196, 4.0, 7.0, 1.0, 0.0]
[209, 4.0, 7.0, 1.0, 1.0]
[188, 4.0, 7.0, 0.0, 1.0]
[179, 4.0, 8.0, 0.0, 0.0]
[201, 4.0, 8.0, 1.0, 0.0]
[222, 4.0, 8.0, 1.0, 1.0]
[201, 4.0, 8.0, 0.0, 1.0]
[150, 4.0, 2.0, 1.0, 0.0]
[163, 4.0, 4.0, 1.0, 0.0]
[175, 4.0, 3.0, 1.0, 1.0]
[177, 4.0, 4.0, 1.0, 1.0]
[165, 4.0, 5.0, 1.0, 0.0]
[179, 4.0, 5.0, 1.0, 1.0]
[150, 4.0, 1.0, 1.0, 1.0]
[157, 4.0, 2.0, 1.0, 1.0]
[150, 4.0, 2.0, 0.0, 1.0]
[157, 4.0, 3.0, 0.0, 1.0]
[161, 4.0, 4.0, 0.0, 1.0]
[165, 4.0, 5.0, 0.0, 1.0]
[150, 2.0, 8.0, 0.0, 0.0]
[157, 3.0, 7.0, 0.0, 0.0]
[183, 3.0, 7.0, 1.0, 0.0]
[196, 3.0, 7.0, 1.0, 1.0]
[175, 3.0, 7.0, 0.0, 1.0]
[173, 2.0, 7.0, 1.0, 0.0]
[183, 2.0, 7.0, 1.0, 1.0]
[157, 1.0, 7.0, 1.0, 1.0]
[158, 2.0, 7.0, 0.0, 1.0]
[165, 3.0, 8.0, 0.0, 0.0]
[188, 3.0, 8.0, 1.0, 0.0]
[203, 3.0, 8.0, 1.0, 1.0]
[183, 3.0, 8.0, 0.0, 1.0]
[150, 1.0, 8.0, 1.0, 0.0]
[179, 2.0, 8.0, 1.0, 0.0]
[189, 2.0, 8.0, 1.0, 1.0]
[150, 0.0, 8.0, 1.0, 1.0]
[158, 1.0, 8.0, 1.0, 1.0]
[150, 1.0, 8.0, 0.0, 1.0]
[165, 2.0, 8.0, 0.0, 1.0]
[150, 3.0, 5.0, 1.0, 0.0]
[150, 1.0, 6.0, 1.0, 1.0]
[157, 2.0, 6.0, 1.0, 0.0]
[179, 2.0, 6.0, 1.0, 1.0]
[177, 3.0, 6.0, 1.0, 0.0]
[183, 3.0, 6.0, 1.0, 1.0]
[150, 2.0, 5.0, 1.0, 1.0]
[150, 3.0, 2.0, 1.0, 1.0]
[158, 3.0, 3.0, 1.0, 1.0]
[165, 3.0, 4.0, 1.0, 1.0]
[167, 3.0, 5.0, 1.0, 1.0]
[150, 3.0, 5.0, 0.0, 1.0]
[157, 2.0, 6.0, 0.0, 1.0]
[167, 3.0, 6.0, 0.0, 1.0]

15

[150, 2.0, 8.0, 0.0, 0.0]
[150, 4.0, 5.0, 0.0, 0.0]
[165, 3.0, 6.0, 0.0, 0.0]
[183, 3.0, 6.0, 1.0, 0.0]
[196, 3.0, 6.0, 1.0, 1.0]
[177, 3.0, 6.0, 0.0, 1.0]
[173, 3.0, 7.0, 0.0, 0.0]
[196, 3.0, 7.0, 1.0, 0.0]
[209, 3.0, 7.0, 1.0, 1.0]
[183, 3.0, 7.0, 0.0, 1.0]
[179, 3.0, 8.0, 0.0, 0.0]
[203, 3.0, 8.0, 1.0, 0.0]
[222, 3.0, 8.0, 1.0, 1.0]
[196, 3.0, 8.0, 0.0, 1.0]
[150, 3.0, 2.0, 1.0, 1.0]
[165, 3.0, 4.0, 1.0, 0.0]
[173, 3.0, 3.0, 1.0, 1.0]
[175, 3.0, 4.0, 1.0, 1.0]
[167, 3.0, 5.0, 1.0, 0.0]
[177, 3.0, 5.0, 1.0, 1.0]
[150, 3.0, 3.0, 0.0, 1.0]
[158, 3.0, 4.0, 0.0, 1.0]
[165, 3.0, 5.0, 0.0, 1.0]
[175, 4.0, 6.0, 0.0, 0.0]
[190, 4.0, 6.0, 1.0, 0.0]
[201, 4.0, 6.0, 1.0, 1.0]
[186, 4.0, 6.0, 0.0, 1.0]
[182, 4.0, 7.0, 0.0, 0.0]
[203, 4.0, 7.0, 1.0, 0.0]
[222, 4.0, 7.0, 1.0, 1.0]
[202, 4.0, 7.0, 0.0, 1.0]
[185, 4.0, 8.0, 0.0, 0.0]
[222, 4.0, 8.0, 1.0, 0.0]
[227, 4.0, 8.0, 1.0, 1.0]
[213, 4.0, 8.0, 0.0, 1.0]
[153, 4.0, 2.0, 1.0, 0.0]
[150, 4.0, 1.0, 1.0, 1.0]
[175.0, 4.0, 4.0, 1.0, 0.0]
[183.0, 4.0, 3.0, 1.0, 1.0]
[186.0, 4.0, 4.0, 1.0, 1.0]
[178.0, 4.0, 5.0, 1.0, 0.0]
[188.0, 4.0, 5.0, 1.0, 1.0]
[175.0, 4.0, 2.0, 1.0, 1.0]
[153, 4.0, 2.0, 0.0, 1.0]
[168.0, 4.0, 3.0, 0.0, 1.0]
[175.0, 4.0, 5.0, 0.0, 1.0]
[150, 1.0, 6.0, 1.0, 0.0]
[150, 2.0, 5.0, 1.0, 0.0]
[179, 2.0, 6.0, 1.0, 0.0]
[188, 2.0, 6.0, 1.0, 1.0]
[183, 2.0, 7.0, 1.0, 0.0]
[201, 2.0, 7.0, 1.0, 1.0]
[188, 2.0, 8.0, 1.0, 0.0]
[209, 2.0, 8.0, 1.0, 1.0]
[157, 2.0, 3.0, 1.0, 1.0]
[165, 2.0, 5.0, 1.0, 1.0]
[150, 0.0, 8.0, 1.0, 1.0]
[157, 1.0, 7.0, 1.0, 0.0]
[165, 1.0, 8.0, 1.0, 0.0]
[179, 1.0, 8.0, 1.0, 1.0]
[150, 1.0, 5.0, 1.0, 1.0]
[158, 1.0, 6.0, 1.0, 1.0]
[150, 1.0, 6.0, 0.0, 1.0]
[150, 2.0, 5.0, 0.0, 1.0]
[168, 2.0, 6.0, 0.0, 1.0]
[175, 2.0, 7.0, 0.0, 1.0]
[183, 2.0, 8.0, 0.0, 1.0]
[157, 1.0, 8.0, 0.0, 1.0]

10

[150, 2.0, 5.0, 0.0, 0.0]
[150, 3.0, 4.0, 0.0, 0.0]
[165, 3.0, 5.0, 0.0, 0.0]
[183, 3.0, 5.0, 1.0, 0.0]
[189, 3.0, 5.0, 1.0, 1.0]
[175, 3.0, 5.0, 0.0, 1.0]
[179, 3.0, 6.0, 0.0, 0.0]
[199, 3.0, 6.0, 1.0, 0.0]
[209, 3.0, 6.0, 1.0, 1.0]
[189, 3.0, 6.0, 0.0, 1.0]
[183, 3.0, 7.0, 0.0, 0.0]
[220, 3.0, 7.0, 1.0, 0.0]
[222, 3.0, 7.0, 1.0, 1.0]
[201, 3.0, 7.0, 0.0, 1.0]
[196, 3.0, 8.0, 0.0, 0.0]
[222, 3.0, 8.0, 1.0, 0.0]
[243, 3.0, 8.0, 1.0, 1.0]
[213, 3.0, 8.0, 0.0, 1.0]
[150, 3.0, 1.0, 1.0, 1.0]
[163, 3.0, 2.0, 1.0, 0.0]
[179, 3.0, 2.0, 1.0, 1.0]
[179, 3.0, 4.0, 1.0, 0.0]
[186, 3.0, 3.0, 1.0, 1.0]
[188, 3.0, 4.0, 1.0, 1.0]
[150, 3.0, 2.0, 0.0, 1.0]
[168, 3.0, 3.0, 0.0, 1.0]
[150, 4.0, 2.0, 0.0, 0.0]
[167, 4.0, 4.0, 0.0, 0.0]
[182, 4.0, 3.0, 0.0, 1.0]
[183, 4.0, 4.0, 1.0, 0.0]
[196, 4.0, 4.0, 1.0, 1.0]
[183, 4.0, 4.0, 0.0, 1.0]
[173, 4.0, 5.0, 0.0, 0.0]
[188, 4.0, 5.0, 1.0, 0.0]
[200, 4.0, 5.0, 1.0, 1.0]
[186, 4.0, 5.0, 0.0, 1.0]
[183, 4.0, 6.0, 0.0, 0.0]
[201, 4.0, 6.0, 1.0, 0.0]
[217, 4.0, 6.0, 1.0, 1.0]
[201, 4.0, 6.0, 0.0, 1.0]
[199, 4.0, 7.0, 0.0, 0.0]
[222, 4.0, 7.0, 1.0, 0.0]
[243, 4.0, 7.0, 1.0, 1.0]
[220, 4.0, 7.0, 0.0, 1.0]
[202, 4.0, 8.0, 0.0, 0.0]
[289, 4.0, 8.0, 1.0, 0.0]
[325, 4.0, 8.0, 1.0, 1.0]
[227, 4.0, 8.0, 0.0, 1.0]
[150, 4.0, 1.0, 1.0, 0.0]
[150, 4.0, 0.0, 1.0, 1.0]
[178.0, 4.0, 2.0, 1.0, 0.0]
[186.0, 4.0, 2.0, 1.0, 1.0]
[161.0, 4.0, 1.0, 1.0, 1.0]
[150, 4.0, 1.0, 0.0, 1.0]
[178.0, 4.0, 2.0, 0.0, 1.0]
[150, 1.0, 6.0, 0.0, 0.0]
[165, 2.0, 6.0, 0.0, 0.0]
[196, 2.0, 6.0, 1.0, 0.0]
[203, 2.0, 6.0, 1.0, 1.0]
[183, 2.0, 6.0, 0.0, 1.0]
[173, 1.0, 6.0, 1.0, 0.0]
[179, 1.0, 6.0, 1.0, 1.0]
[168, 1.0, 6.0, 0.0, 1.0]
[150, 0.0, 8.0, 1.0, 1.0]
[199, 1.0, 7.0, 1.0, 1.0]
[173, 2.0, 7.0, 0.0, 0.0]
[203, 2.0, 7.0, 1.0, 0.0]
[196, 2.0, 7.0, 0.0, 1.0]
[157, 1.0, 8.0, 0.0, 0.0]
[183, 1.0, 8.0, 1.0, 0.0]
[201, 1.0, 8.0, 1.0, 1.0]
[179, 1.0, 8.0, 0.0, 1.0]
[179, 2.0, 8.0, 0.0, 0.0]
[217, 2.0, 8.0, 1.0, 0.0]
[222, 2.0, 8.0, 1.0, 1.0]
[199, 2.0, 8.0, 0.0, 1.0]
[150, 1.0, 5.0, 1.0, 0.0]
[150, 2.0, 2.0, 1.0, 0.0]
[165, 2.0, 5.0, 1.0, 0.0]
[179, 2.0, 3.0, 1.0, 1.0]
[183, 2.0, 5.0, 1.0, 1.0]
[168, 2.0, 2.0, 1.0, 1.0]
[150, 1.0, 2.0, 1.0, 1.0]
[158, 1.0, 5.0, 1.0, 1.0]
[150, 1.0, 5.0, 0.0, 1.0]
[157, 2.0, 3.0, 0.0, 1.0]
[165, 2.0, 5.0, 0.0, 1.0]

5

[150, 1.0, 5.0, 0.0, 0.0]
[150, 2.0, 2.0, 0.0, 0.0]
[165, 2.0, 5.0, 0.0, 0.0]
[183, 2.0, 3.0, 0.0, 1.0]
[199, 2.0, 5.0, 1.0, 0.0]
[209, 2.0, 5.0, 1.0, 1.0]
[189, 2.0, 5.0, 0.0, 1.0]
[196, 2.0, 6.0, 0.0, 0.0]
[203, 2.0, 6.0, 0.0, 1.0]
[199, 2.0, 8.0, 0.0, 0.0]
[224, 2.0, 7.0, 1.0, 0.0]
[243, 2.0, 7.0, 1.0, 1.0]
[213, 2.0, 7.0, 0.0, 1.0]
[243, 2.0, 8.0, 1.0, 0.0]
[325, 2.0, 8.0, 1.0, 1.0]
[222, 2.0, 8.0, 0.0, 1.0]
[150, 3.0, 1.0, 0.0, 1.0]
[175, 3.0, 2.0, 0.0, 0.0]
[201, 3.0, 2.0, 1.0, 1.0]
[177, 3.0, 4.0, 0.0, 0.0]
[186, 3.0, 3.0, 0.0, 1.0]
[209, 3.0, 4.0, 1.0, 1.0]
[189, 3.0, 4.0, 0.0, 1.0]
[213, 3.0, 5.0, 1.0, 1.0]
[199, 3.0, 5.0, 0.0, 1.0]
[199, 3.0, 6.0, 0.0, 0.0]
[222, 3.0, 6.0, 1.0, 1.0]
[209, 3.0, 6.0, 0.0, 1.0]
[203, 3.0, 7.0, 0.0, 0.0]
[243, 3.0, 7.0, 1.0, 0.0]
[289, 3.0, 7.0, 1.0, 1.0]
[222, 3.0, 7.0, 0.0, 1.0]
[222, 3.0, 8.0, 0.0, 0.0]
[323, 3.0, 8.0, 1.0, 0.0]
[366, 3.0, 8.0, 1.0, 1.0]
[318, 3.0, 8.0, 0.0, 1.0]
[150, 3.0, 0.0, 1.0, 1.0]
[179.0, 3.0, 1.0, 1.0, 1.0]
[153, 4.0, 1.0, 0.0, 0.0]
[150, 4.0, 0.0, 0.0, 1.0]
[182.0, 4.0, 4.0, 0.0, 0.0]
[188.0, 4.0, 2.0, 1.0, 0.0]
[207.0, 4.0, 2.0, 1.0, 1.0]
[199.0, 4.0, 2.0, 0.0, 1.0]
[199.0, 4.0, 4.0, 1.0, 0.0]
[213.0, 4.0, 4.0, 1.0, 1.0]
[201.0, 4.0, 4.0, 0.0, 1.0]
[183.0, 4.0, 5.0, 0.0, 0.0]
[201.0, 4.0, 5.0, 1.0, 0.0]
[217.0, 4.0, 5.0, 1.0, 1.0]
[207.0, 4.0, 5.0, 0.0, 1.0]
[201.0, 4.0, 6.0, 0.0, 0.0]
[222.0, 4.0, 6.0, 1.0, 0.0]
[224.0, 4.0, 6.0, 1.0, 1.0]
[220.0, 4.0, 6.0, 0.0, 1.0]
[222.0, 4.0, 7.0, 0.0, 0.0]
[325.0, 4.0, 7.0, 1.0, 0.0]
[402.0, 4.0, 7.0, 1.0, 1.0]
[318.0, 4.0, 7.0, 0.0, 1.0]
[318.0, 4.0, 8.0, 0.0, 0.0]
[369.0, 4.0, 8.0, 1.0, 0.0]
[414.0, 4.0, 8.0, 1.0, 1.0]
[368.0, 4.0, 8.0, 0.0, 1.0]
[153.0, 4.0, 0.0, 1.0, 0.0]
[153.0, 4.0, -1.0, 1.0, 1.0]
[182.0, 4.0, 1.0, 1.0, 0.0]
[188.0, 4.0, 1.0, 1.0, 1.0]
[179.0, 4.0, 0.0, 1.0, 1.0]
[182.0, 4.0, 1.0, 0.0, 1.0]
[150, 0.0, 6.0, 1.0, 0.0]
[188, 1.0, 6.0, 1.0, 0.0]
[201, 1.0, 6.0, 1.0, 1.0]
[199, 1.0, 6.0, 0.0, 1.0]
[157, 0.0, 6.0, 0.0, 1.0]
[168, 0.0, 6.0, 1.0, 1.0]
[150, 0.0, 8.0, 0.0, 0.0]
[203, 1.0, 7.0, 1.0, 0.0]
[226, 1.0, 7.0, 1.0, 1.0]
[183, 1.0, 8.0, 0.0, 0.0]
[217, 1.0, 8.0, 1.0, 0.0]
[289, 1.0, 8.0, 1.0, 1.0]
[203, 1.0, 8.0, 0.0, 1.0]
[150, -1.0, 8.0, 1.0, 1.0]
[183, 0.0, 8.0, 1.0, 0.0]
[203, 0.0, 8.0, 1.0, 1.0]
[168, 0.0, 8.0, 0.0, 1.0]
[150, 0.0, 5.0, 1.0, 1.0]
[150, 1.0, 2.0, 1.0, 0.0]
[179, 1.0, 5.0, 1.0, 0.0]
[183, 1.0, 5.0, 1.0, 1.0]
[168, 1.0, 1.0, 1.0, 1.0]
[179, 1.0, 2.0, 1.0, 1.0]
[157, 1.0, 2.0, 0.0, 1.0]
[168, 1.0, 5.0, 0.0, 1.0]
