selection file, result

1

[42, 5.0, 0.0, 1.0]
[186, 4.0, 0.0, 0.0]
[225, 4.0, 1.0, 0.0]
[306, 4.0, 1.0, 1.0]
[225, 4.0, 0.0, 1.0]
[207, 3.0, 0.0, 0.0]
[232, 3.0, 1.0, 0.0]
[368, 3.0, 1.0, 1.0]
[225, 2.0, 0.0, 0.0]
[306, 2.0, 1.0, 0.0]
[369, 2.0, 1.0, 1.0]
[42, 6.0, 1.0, 1.0]
[165, 5.0, 1.0, 1.0]

2

[145, 5.0, 0.0, 1.0]
[186, 4.0, 0.0, 0.0]
[210, 4.0, 1.0, 0.0]
[264, 4.0, 1.0, 1.0]
[234, 4.0, 0.0, 1.0]
[188, 3.0, 0.0, 0.0]
[225, 3.0, 1.0, 0.0]
[290, 3.0, 1.0, 1.0]
[264, 3.0, 0.0, 1.0]
[222, 2.0, 0.0, 0.0]
[232, 2.0, 1.0, 0.0]
[306, 2.0, 1.0, 1.0]
[290, 2.0, 0.0, 1.0]
[145, 6.0, 1.0, 1.0]
[162, 5.0, 1.0, 0.0]
[165, 5.0, 1.0, 1.0]

4

[188, 3.0, 0.0, 0.0]
[209, 2.0, 0.0, 0.0]
[306, 2.0, 1.0, 0.0]
[323, 2.0, 1.0, 1.0]
[318, 2.0, 0.0, 1.0]
[188, 4.0, 1.0, 0.0]
[225, 3.0, 1.0, 0.0]
[318, 3.0, 1.0, 1.0]
[188, 5.0, 1.0, 1.0]
[227, 4.0, 1.0, 1.0]
[202, 4.0, 0.0, 1.0]
[286, 3.0, 0.0, 1.0]

8

[216, 3.0, 0.0, 0.0]
[225, 2.0, 0.0, 0.0]
[264, 2.0, 1.0, 0.0]
[323, 2.0, 1.0, 1.0]
[318, 2.0, 0.0, 1.0]
[216, 4.0, 1.0, 0.0]
[227, 3.0, 1.0, 0.0]
[306, 3.0, 1.0, 1.0]
[216, 5.0, 1.0, 1.0]
[234, 4.0, 1.0, 1.0]
[216, 4.0, 0.0, 1.0]
[264, 3.0, 0.0, 1.0]
