selection file, result

14

[100, 3, 0, 0, 1, 1]
[100, 3, 1, 1.0, 0, 0]
[100, 4, 0.0, 1.0, 1, 1]
[137, 3.0, 0.0, 1.0, 1, 1]
[50, 4, 0.0, 1.0, 1, 0.0]
[50, 4, 0.0, 1, 1, 0.0]

16

[100, 3, 0, 0, 1, 1]
[100, 3, 1, 1.0, 0, 0]
[100, 4, 0.0, 1.0, 1, 1]
[137, 3.0, 0.0, 1.0, 1, 1]

18

[100, 3, 1, 1, 0, 0]
[100, 2, 0.0, 0, 1, 1]
[71, 3.0, 0.0, 0, 1, 1]
[137, 3.0, 0.0, 1.0, 1, 1]
[137, 3, 0.0, 1.0, 1, 1]
[137, 3.0, 0, 1.0, 1.0, 1]

20

[100, 3, 1, 0, 0]
[179, 0, 0.0, 0, 1]
[210, 0, 0, 1.0, 1]

22

[100, 4, 1, 0]
[135, 3.0, 1, 0]

24

[100, 4, 1, 0]
[135, 3.0, 1, 0]
