selection file, result

9

[9, 21, 15025]

10

[10, 20, 15025]
[9, 21.0, 15025]

11

[11, 71, 0]
[12, 68.0, 0]
[12, 67.0, 0]
[13, 66.0, 0]
[14, 65.0, 0]
[14, 64.0, 0]
[14, 63.0, 0]
[14, 62.0, 0]
[14, 61.0, 0]
[10, 60.0, 2174]
[10, 59.0, 2174]
[10, 58.0, 2174]
[10, 57.0, 2174]
[15, 56.0, 0]

12

[12, 67, 0]
[13, 66.0, 0]
[14, 65.0, 0]
[14, 64.0, 0]
[14, 63.0, 0]
[14, 62.0, 0]
[14, 61.0, 0]
[10, 60.0, 2174]
[10, 59.0, 2174]
[10, 58.0, 2174]
[10, 57.0, 2174]
[15, 56.0, 0]

13

[13, 66, 0]
[14, 64.0, 0]
[14, 63.0, 0]
[14, 62.0, 0]
[14, 61.0, 0]
[15, 60.0, 0]
[15, 59.0, 0]
[15, 58.0, 0]
[15, 57.0, 0]
[15, 56.0, 0]

14

[14, 37, 13551]
[10, 5.0, 15025]
[14, 39, 11679]
[14, 61.0, 0]
[15, 56.0, 0]
[14, 39, 10606]
[14, 46, 401]

15

[15, 56, 0]

16

[16, 41, 0]
[14, 40.0, 10606]
[10, 2.0, 15025]
[14, 39.0, 10606]
[10, 3.0, 15025]
