selection file, result

10

[16.0, 39, 1.0, 0.0, 1.0]
[15.0, 24, 1.0, 0.0, 0.0]
[15.0, 19.0, 1.0, 1.0, 1.0]
[15.0, 23.0, 1.0, 0.0, 1.0]
[17.0, 40, 1.0, 1.0, 1.0]
[16.0, 29.0, 1.0, 1.0, 1.0]

20

[16.0, 39, 1.0, 1.0, 1.0]
[15.0, 34, 1.0, 0.0, 1.0]
[15.0, 29.0, 1.0, 1.0, 1.0]
[17.0, 40, 1.0, 1.0, 1.0]

30

[15.0, 39, 1.0, 0.0, 1.0]
[16.0, 40, 1.0, 0.0, 1.0]
[17.0, 40, 1.0, 1.0, 1.0]
[16.0, 39.0, 1.0, 1.0, 1.0]
[15.0, 34.0, 1.0, 1.0, 1.0]

40

[15.0, 39, 1.0, 0.0, 1.0]
[16.0, 40, 1.0, 0.0, 1.0]
[17.0, 40, 1.0, 1.0, 1.0]
[15.0, 38.0, 1.0, 1.0, 1.0]
[16.0, 39.0, 1.0, 1.0, 1.0]

50

[15.0, 39, 1.0, 1.0, 1.0]
[16.0, 40, 1.0, 1.0, 1.0]

60

[15.0, 40, 0.0, 0.0, 0.0]
[15.0, 39, 1.0, 1.0, 1.0]
[16.0, 40, 1.0, 1.0, 1.0]
