selection file, result

30

[100, 3.0, 0.0, 0.0]
[100, 4.0, 1.0, 0.0]
[153, 3.0, 1.0, 0.0]
[186, 3.0, 1.0, 1.0]
[100, 5.0, 1.0, 1.0]
[161, 4.0, 1.0, 1.0]
[100, 4.0, 0.0, 1.0]
[161, 3.0, 0.0, 1.0]

25

[100, 3.0, 0.0, 0.0]
[100, 5.0, 1.0, 1.0]
[153, 4.0, 1.0, 0.0]
[178, 4.0, 1.0, 1.0]
[165, 3.0, 1.0, 0.0]
[200, 3.0, 1.0, 1.0]
[100, 4.0, 0.0, 1.0]
[178, 3.0, 0.0, 1.0]

20

[100, 4.0, 0.0, 0.0]
[144, 3.0, 0.0, 0.0]
[186, 3.0, 1.0, 0.0]
[225, 3.0, 1.0, 1.0]
[188, 3.0, 0.0, 1.0]
[100, 5.0, 1.0, 1.0]
[168, 4.0, 1.0, 0.0]
[190, 4.0, 1.0, 1.0]
[161, 4.0, 0.0, 1.0]

15

[100, 5.0, 1.0, 1.0]
[136, 4.0, 0.0, 0.0]
[188, 4.0, 1.0, 0.0]
[225, 4.0, 1.0, 1.0]
[186, 4.0, 0.0, 1.0]
[178, 3.0, 0.0, 0.0]
[207, 3.0, 1.0, 0.0]
[264, 3.0, 1.0, 1.0]
[227, 3.0, 0.0, 1.0]

10

[100, 5.0, 1.0, 0.0]
[182, 4.0, 0.0, 0.0]
[225, 4.0, 1.0, 0.0]
[290, 4.0, 1.0, 1.0]
[227, 4.0, 0.0, 1.0]
[207, 3.0, 0.0, 0.0]
[234, 3.0, 1.0, 0.0]
[318, 3.0, 1.0, 1.0]
[290, 3.0, 0.0, 1.0]
[100, 5.0, 0.0, 1.0]
[100, 6.0, 1.0, 1.0]
[162, 5.0, 1.0, 1.0]

5

[100, 6.0, 1.0, 1.0]
[136, 5.0, 0.0, 0.0]
[186, 5.0, 1.0, 0.0]
[232, 5.0, 1.0, 1.0]
[186, 5.0, 0.0, 1.0]
[227, 4.0, 0.0, 0.0]
[306, 4.0, 1.0, 0.0]
[368, 4.0, 1.0, 1.0]
[359, 4.0, 0.0, 1.0]
[318, 3.0, 0.0, 0.0]
[329, 3.0, 1.0, 0.0]
[369, 3.0, 1.0, 1.0]
[368, 3.0, 0.0, 1.0]
