selection file, result

1

[100, 1, 1, 0, 1, 0]
[100, 0, 0.0, 0, 0, 1]
[136, 1.0, 0.0, 0, 1, 1]
[157, 1.0, 0.0, 1.0, 0, 1]
[183, 1.0, 0.0, 1.0, 1.0, 1]
[96, 4, 0.0, 1.0, 1, 1]
[96, 4.0, 0.0, 1.0, 1, 1]
[140.0, 3.0, 0.0, 1.0, 1, 1]
[165, 2.0, 0.0, 1.0, 1, 1]
[179, 0.0, 0.0, 1.0, 0, 1]
[210, 0.0, 0.0, 1.0, 1.0, 1]
[96, 4, 0, 1.0, 1, 1]
[157, 1.0, 0, 1.0, 0, 1]
[183, 1.0, 0, 1.0, 1.0, 1]

2

[100, 2, 0, 0, 1, 1]
[100, 2, 1, 1.0, 0, 0]
[96, 4, 0.0, 1.0, 1, 1]
[140.0, 3.0, 0.0, 1.0, 1, 1]
[157, 1.0, 0.0, 1.0, 0, 1]
[168.0, 2.0, 0.0, 1.0, 1, 1]

3

[100, 3, 1, 1, 0, 0]
[100, 2, 0.0, 0, 1, 1]
[96, 3.0, 0.0, 0, 1, 1]
[140.0, 3.0, 0.0, 1.0, 1, 1]
[96, 4, 0.0, 1.0, 1, 1]
[96, 4.0, 0.0, 1.0, 1, 1]
[137, 3.0, 0, 1.0, 1.0, 1]

4

[100, 4, 1, 1, 1, 0]
[100, 2, 0.0, 0, 1, 1]
[96, 4, 0.0, 1.0, 1, 1]

5

[100, 5, 1, 1, 1, 0]
[100, 2, 0.0, 0, 1, 1]
[96, 3.0, 0.0, 0, 1, 1]
[140.0, 3.0, 0.0, 1.0, 1, 1]
[96, 4, 0.0, 1.0, 1, 1]
