selection file, result

30

[150, 4.0, 8.0, 1.0, 0.0]
[150, 5.0, 10.0, 0.0, 1.0]
[96, 4.0, 10.0, 0.0, 1.0]
[69, 4.0, 9.0, 0.0, 1.0]
[61, 4.0, 8.0, 0.0, 1.0]
[44, 4.0, 8.0, 0.0, 0.0]
[45, 4.0, 10.0, 0.0, 0.0]
[96, 5.0, 8.0, 0.0, 1.0]
[61, 5.0, 8.0, 0.0, 0.0]
[69, 5.0, 10.0, 0.0, 0.0]

25

[150, 4.0, 8.0, 1.0, 0.0]
[150, 5.0, 10.0, 0.0, 1.0]
[96, 4.0, 10.0, 0.0, 1.0]
[69, 4.0, 9.0, 0.0, 1.0]
[61, 4.0, 8.0, 0.0, 1.0]
[44, 4.0, 8.0, 0.0, 0.0]
[45, 4.0, 10.0, 0.0, 0.0]
[96, 5.0, 8.0, 0.0, 1.0]
[61, 5.0, 8.0, 0.0, 0.0]
[69, 5.0, 10.0, 0.0, 0.0]

20

[150, 4.0, 8.0, 1.0, 0.0]
[150, 5.0, 10.0, 0.0, 1.0]
[96, 4.0, 10.0, 0.0, 1.0]
[69, 4.0, 9.0, 0.0, 1.0]
[61, 4.0, 8.0, 0.0, 1.0]
[44, 4.0, 8.0, 0.0, 0.0]
[45, 4.0, 10.0, 0.0, 0.0]
[96, 5.0, 8.0, 0.0, 1.0]
[61, 5.0, 8.0, 0.0, 0.0]
[69, 5.0, 10.0, 0.0, 0.0]

15

[150, 4.0, 8.0, 1.0, 1.0]
[150, 5.0, 10.0, 0.0, 1.0]
[96, 4.0, 10.0, 0.0, 1.0]
[69, 4.0, 9.0, 0.0, 1.0]
[61, 4.0, 8.0, 0.0, 1.0]
[44, 4.0, 8.0, 0.0, 0.0]
[45, 4.0, 10.0, 0.0, 0.0]
[96, 5.0, 8.0, 0.0, 1.0]
[61, 5.0, 8.0, 0.0, 0.0]
[69, 5.0, 10.0, 0.0, 0.0]
[150, 4.0, 9.0, 1.0, 0.0]
[150, 5.0, 8.0, 1.0, 0.0]
[148, 4.0, 8.0, 1.0, 0.0]

10

[150, 4.0, 8.0, 1.0, 1.0]
[150, 5.0, 10.0, 0.0, 1.0]
[96, 4.0, 10.0, 0.0, 1.0]
[69, 4.0, 9.0, 0.0, 1.0]
[61, 4.0, 8.0, 0.0, 1.0]
[44, 4.0, 8.0, 0.0, 0.0]
[45, 4.0, 10.0, 0.0, 0.0]
[96, 5.0, 8.0, 0.0, 1.0]
[61, 5.0, 8.0, 0.0, 0.0]
[69, 5.0, 10.0, 0.0, 0.0]
[150, 4.0, 9.0, 1.0, 0.0]
[150, 5.0, 8.0, 1.0, 0.0]
[138, 4.0, 8.0, 1.0, 0.0]

5

[150, 4.0, 8.0, 1.0, 1.0]
[150, 5.0, 10.0, 0.0, 1.0]
[96, 4.0, 10.0, 0.0, 1.0]
[69, 4.0, 9.0, 0.0, 1.0]
[61, 4.0, 8.0, 0.0, 1.0]
[44, 4.0, 8.0, 0.0, 0.0]
[45, 4.0, 10.0, 0.0, 0.0]
[96, 5.0, 8.0, 0.0, 1.0]
[61, 5.0, 8.0, 0.0, 0.0]
[69, 5.0, 10.0, 0.0, 0.0]
[150, 5.0, 9.0, 1.0, 0.0]
[150, 4.0, 10.0, 1.0, 0.0]
[146, 4.0, 9.0, 1.0, 0.0]
[129, 4.0, 8.0, 1.0, 0.0]
[146, 5.0, 8.0, 1.0, 0.0]
