selection file, result

50

[16.0, 10, 5501.0]
[15.0, 10, 7689.0]
[15.0, 33, 7431.0]
[15.0, 36, 5501.0]
[14.0, 10, 15025.0]
[14.0, 41, 14085.0]
[14.0, 43, 13551.0]
[14.0, 46, 10521.0]
[14.0, 51, 5501.0]

100

[16.0, 20, 5501.0]
[15.0, 33, 7431.0]
[15.0, 20, 14085.0]
[15.0, 46.0, 5501.0]
[14.0, 43, 13551.0]
[14.0, 66.0, 5501.0]

150

[16.0, 30, 5501.0]
[15.0, 36, 5501.0]
[15.0, 33, 7431.0]
[15.0, 30, 7689.0]
[14.0, 46, 10521.0]
[14.0, 62.0, 5501.0]

200

[15.0, 40, 5501.0]
[14.0, 51, 5501.0]
[14.0, 46, 10521.0]
[14.0, 43, 13551.0]
[14.0, 41, 14085.0]
[14.0, 40, 15025.0]

250

[14.0, 51, 5501.0]
[15.0, 50, 5501.0]
[14.0, 50, 10521.0]

300



350



400



450


