selection file, result

50

[16.0, 21, 5501.0]
[15.0, 33, 7431.0]
[15.0, 21, 14085.0]
[15.0, 45.0, 5501.0]
[14.0, 43, 13551.0]
[14.0, 65.0, 5501.0]
[13.0, 21, 15025.0]
[12.0, 31, 15025.0]
[12.0, 51.0, 7299.0]
[12.0, 56.0, 5501.0]
[11.0, 36, 15025.0]
[11.0, 51.0, 7299.0]
[11.0, 56.0, 5501.0]
[10.0, 37, 15025.0]
[10.0, 53.0, 7689.0]
[10.0, 56.0, 5501.0]
[9.0, 41, 15025.0]
[9.0, 61.0, 5501.0]

100

[16.0, 21, 5501.0]
[15.0, 33, 7431.0]
[15.0, 21, 14085.0]
[15.0, 45.0, 5501.0]
[14.0, 43, 13551.0]
[14.0, 65.0, 5501.0]
[13.0, 21, 15025.0]
[12.0, 31, 15025.0]
[12.0, 51.0, 7299.0]
[12.0, 56.0, 5501.0]
[11.0, 36, 15025.0]
[11.0, 51.0, 7299.0]
[11.0, 56.0, 5501.0]
[10.0, 37, 15025.0]
[10.0, 53.0, 7689.0]
[10.0, 56.0, 5501.0]

150

[16.0, 21, 5501.0]
[15.0, 33, 7431.0]
[15.0, 21, 14085.0]
[15.0, 45.0, 5501.0]
[14.0, 43, 13551.0]
[14.0, 65.0, 5501.0]
[13.0, 21, 15025.0]
[12.0, 31, 15025.0]
[12.0, 51.0, 7299.0]
[12.0, 56.0, 5501.0]
[11.0, 36, 15025.0]
[11.0, 51.0, 7299.0]
[11.0, 56.0, 5501.0]

200

[16.0, 21, 5501.0]
[15.0, 33, 7431.0]
[15.0, 21, 14085.0]
[15.0, 45.0, 5501.0]
[14.0, 43, 13551.0]
[14.0, 65.0, 5501.0]
[13.0, 21, 15025.0]
[12.0, 31, 15025.0]
[12.0, 51.0, 7299.0]
[12.0, 56.0, 5501.0]

250

[16.0, 21, 5501.0]
[15.0, 33, 7431.0]
[15.0, 21, 14085.0]
[15.0, 45.0, 5501.0]
[14.0, 43, 13551.0]
[14.0, 65.0, 5501.0]
[13.0, 21, 15025.0]
[13.0, 51, 7299.0]
[13.0, 56, 5501.0]

300

[16.0, 21, 5501.0]
[15.0, 33, 7431.0]
[15.0, 21, 14085.0]
[15.0, 45.0, 5501.0]
[14.0, 43, 13551.0]
[14.0, 65.0, 5501.0]

350

[16.0, 21, 5501.0]
[15.0, 33, 7431.0]
[15.0, 21, 14085.0]
[15.0, 45.0, 5501.0]

400


