selection file, result

14

[150, 4, 8, 0, 0, 1, 1]
[150, 4, 8, 1, 1.0, 0, 0]
[150, 3, 9, 0.0, 1.0, 0, 1]
[157, 4.0, 9, 0.0, 1.0, 0, 1]
[157, 3, 7.0, 0.0, 1.0, 1, 1]
[157, 3.0, 7.0, 0.0, 1.0, 1, 1]
[136, 3, 8.0, 0.0, 1.0, 0, 1]
[136, 3.0, 8.0, 0.0, 1.0, 0, 1]
[157, 5, 7.0, 0.0, 1, 0.0, 1]

15

[150, 4, 8, 1, 1, 0, 0]
[150, 4, 10, 0.0, 0, 1, 1]
[163, 4.0, 10, 0.0, 1.0, 0, 1]
[150, 3.0, 10.0, 0.0, 1.0, 0, 1]
[136, 3.0, 9.0, 0, 1, 0, 1.0]
[96, 3.0, 7.0, 0, 1, 0, 1.0]
[179, 5, 7.0, 0, 1.0, 1, 1.0]
[150, 5, 8.0, 0, 0, 1, 1.0]
[69, 4.0, 8.0, 0, 0, 0, 1.0]
[97, 1, 8.0, 0, 1.0, 1, 1.0]
[80, 2, 8.0, 0, 1, 0.0, 1.0]

16

[150, 4, 8, 1, 1, 0, 0]
[150, 4, 10, 0.0, 0, 1, 1]
[123, 1, 9, 0.0, 1.0, 1, 1]
[81.0, 2.0, 9, 0.0, 1.0, 0, 1]
[179, 5.0, 10, 0.0, 1.0, 0, 1]
[179, 5, 10, 0.0, 1, 0.0, 1]
[123, 1, 9.0, 0, 1, 1, 1.0]
[81.0, 2.0, 9.0, 0, 1, 0, 1.0]
[96, 2, 7.0, 0, 1, 1, 1.0]
[69, 5, 8.0, 0, 0, 0, 1.0]

17

[150, 4, 8, 1, 0, 0]
[179, 5, 10, 0.0, 0, 1]

18

[150, 4, 8, 1, 0, 0]
[189, 4, 10, 0.0, 1, 1]

19

[150, 4, 8, 1, 0, 0]
