selection file, result

50



100

[13.0, 21.0, 5501]
[14.0, 2.0, 2202]

150

[12.0, 21.0, 5455]
[13.0, 16.0, 4934]
[13.0, 21.0, 4508]
[13.0, 8.0, 5013]
[14.0, 21.0, 0]
[12.0, 20.0, 5501]
[11.0, 21.0, 5501]

200

[10.0, 21.0, 5455]
[11.0, 21.0, 4650]
[11.0, 10.0, 4687]
[11.0, 4.0, 4787]
[12.0, 2.0, 3674]
[12.0, 21.0, 2580]
[13.0, 2.0, 2977]
[13.0, 21.0, 1471]
[14.0, 21.0, 0]
[10.0, 20.0, 5501]
[9.0, 21.0, 5501]

250

[9.0, 21.0, 5178]
[10.0, 20.0, 4650]
[10.0, 21.0, 3674]
[10.0, 6.0, 4687]
[10.0, 2.0, 4787]
[11.0, 4.0, 2907]
[11.0, 21.0, 1055]
[12.0, 8.0, 1506]
[14.0, 21.0, 0]
[9.0, 20.0, 5455]
[8.0, 21.0, 5455]
[7.0, 20.0, 5501]
[9.0, 16.0, 5501]
