selection file, result

50



100

[15.0, 40, 1.0, 1.0, 0.0]
[14.0, 40, 0.0, 0.0, 0.0]
[15.0, 70, 0.0, 1.0, 1.0]
[15.0, 90, 0.0, 1.0, 0.0]
[15.0, 45, 1.0, 0.0, 0.0]

150

[15.0, 40, 1.0, 1.0, 0.0]
[16.0, 70, 1.0, 1.0, 1.0]
[16.0, 80, 1.0, 1.0, 0.0]
[14.0, 40, 0.0, 0.0, 0.0]
[15.0, 70, 0.0, 1.0, 1.0]
[15.0, 90, 0.0, 1.0, 0.0]
[15.0, 45, 1.0, 0.0, 0.0]

200

[15.0, 40, 1.0, 1.0, 0.0]
[16.0, 70, 1.0, 1.0, 1.0]
[16.0, 80, 1.0, 1.0, 0.0]
[14.0, 40, 0.0, 0.0, 0.0]
[15.0, 70, 0.0, 1.0, 1.0]
[15.0, 90, 0.0, 1.0, 0.0]
[15.0, 45, 1.0, 0.0, 0.0]
