selection file, result

1

[3, 1.0, 1.0]
[2, 9.0, 0.0]
[2, 10.0, 1.0]
[1, 11.0, 1.0]

2

[3, 2.0, 1.0]
[2, 9.0, 0.0]
[2, 10.0, 1.0]
[1, 11.0, 1.0]

3

[3, 3.0, 1.0]
[2, 9.0, 0.0]
[2, 10.0, 1.0]
[1, 11.0, 1.0]

4

[3, 4.0, 1.0]
[2, 9.0, 0.0]
[2, 10.0, 1.0]
[1, 11.0, 1.0]

5

[3, 5.0, 1.0]
[2, 9.0, 0.0]
[2, 10.0, 1.0]
[1, 11.0, 1.0]

6

[3, 6.0, 1.0]
[2, 9.0, 0.0]
[2, 10.0, 1.0]
[1, 11.0, 1.0]

7

[2, 9.0, 0.0]
[1, 11.0, 1.0]
[3.0, 7.0, 1.0]
[2.0, 10.0, 1.0]

8

[2, 9.0, 0.0]
[1, 11.0, 1.0]
[3.0, 8.0, 1.0]
[2.0, 10.0, 1.0]
