selection file, result

1

[6.0, 4.0, 2329]
[5.0, 5.0, 2062]
[6.0, 6.0, 1055]
[5.0, 8.0, 1055]
[6.0, 10.0, 991]
[6.0, 20.0, 0]
[6.0, 2.0, 2354]

2

[5.0, 12.0, 2653]
[5.0, 14.0, 2597]
[5.0, 16.0, 2329]
[5.0, 18.0, 1055]
[2.0, 20.0, 1055]
[5.0, 10.0, 2936]
[5.0, 8.0, 3325]
[5.0, 4.0, 3411]
[5.0, 2.0, 3418]

4

[5.0, 16.0, 2936]
[5.0, 20.0, 2329]

8

[5.0, 16.0, 2354]
[5.0, 20.0, 2176]

16

[5.0, 16.0, 2176]
[5.0, 20.0, 2174]
[4.0, 15.0, 2202]
[5.0, 14.0, 2202]
[4.0, 14.0, 2329]
[5.0, 12.0, 2228]
[3.0, 15.0, 2228]
[5.0, 12.0, 2290]
[5.0, 12.0, 2329]

32

[5.0, 15.0, 2174]
[3.0, 16.0, 2174]
[5.0, 16.0, 1848]
[3.0, 20.0, 2036]
[5.0, 17.0, 1173]
[5.0, 18.0, 1173]
[5.0, 19.0, 1173]
[5.0, 20.0, 1173]
[1.0, 5.0, 2176]
[3.0, 4.0, 2176]
