selection file, result

10

[13.0, 10.0, 5501]
[14.0, 10.0, 4787]

20

[13.0, 20.0, 5501]
[14.0, 20.0, 4787]

30

[13.0, 30.0, 5501]
[14.0, 24.0, 4787]
[14.0, 30.0, 3908]

40

[13.0, 40.0, 5501]
[14.0, 35.0, 4650]
[14.0, 36.0, 2354]
[14.0, 37.0, 2174]
[14.0, 38.0, 1506]
[14.0, 40.0, 914]
[14.0, 30.0, 4687]
[14.0, 24.0, 4787]

50

[10.0, 45.0, 5501]
[11.0, 44.0, 4934]
[11.0, 45.0, 4508]
[11.0, 47.0, 2174]
[11.0, 48.0, 1151]
[12.0, 44.0, 4787]
[12.0, 45.0, 3908]
[12.0, 50.0, 0]
[12.0, 38.0, 5501]
[13.0, 42.0, 4787]
[13.0, 44.0, 3908]
[13.0, 45.0, 3103]
[13.0, 50.0, 0]
[13.0, 34.0, 5501]
[14.0, 35.0, 4650]
[14.0, 36.0, 2354]
[14.0, 37.0, 2174]
[14.0, 38.0, 1506]
[14.0, 40.0, 914]
[14.0, 50.0, 0]
[14.0, 20.0, 4787]
[7.0, 47.0, 4650]
[9.0, 47.0, 3674]
[10.0, 47.0, 3325]
[7.0, 48.0, 4101]
[9.0, 48.0, 3273]
[10.0, 48.0, 3103]
[9.0, 50.0, 3103]

60

[7.0, 47.0, 4650]
[9.0, 47.0, 4101]
[9.0, 48.0, 3273]
[9.0, 50.0, 3103]
[9.0, 60.0, 0]
[9.0, 34.0, 5501]
[10.0, 45.0, 5501]
[10.0, 47.0, 3325]
[10.0, 48.0, 3103]
[10.0, 50.0, 2597]
[10.0, 60.0, 0]
[11.0, 45.0, 4787]
[11.0, 47.0, 2174]
[11.0, 48.0, 1151]
[11.0, 60.0, 0]
[11.0, 30.0, 5501]
[12.0, 45.0, 4650]
[12.0, 60.0, 0]
[12.0, 30.0, 5501]
[13.0, 44.0, 4101]
[13.0, 45.0, 3103]
[13.0, 60.0, 0]
[13.0, 28.0, 5501]
[14.0, 35.0, 4650]
[14.0, 36.0, 2354]
[14.0, 37.0, 2174]
[14.0, 38.0, 1506]
[14.0, 40.0, 914]
[14.0, 55.0, 0]
[14.0, 10.0, 4787]
[7.0, 48.0, 4101]
[7.0, 45.0, 5501]

70

[7.0, 48.0, 4101]
[9.0, 47.0, 4101]
[9.0, 48.0, 3273]
[9.0, 50.0, 3103]
[9.0, 70.0, 0]
[9.0, 25.0, 5501]
[10.0, 45.0, 5501]
[10.0, 47.0, 3325]
[10.0, 48.0, 3103]
[10.0, 50.0, 2597]
[10.0, 67.0, 0]
[11.0, 45.0, 4787]
[11.0, 47.0, 2174]
[11.0, 48.0, 1151]
[11.0, 64.0, 0]
[11.0, 21.0, 5501]
[12.0, 45.0, 4650]
[12.0, 60.0, 0]
[12.0, 21.0, 5501]
[13.0, 44.0, 4101]
[13.0, 45.0, 3103]
[13.0, 60.0, 0]
[13.0, 19.0, 5501]
[14.0, 35.0, 4650]
[14.0, 36.0, 2354]
[14.0, 37.0, 2174]
[14.0, 38.0, 1506]
[14.0, 40.0, 914]
[14.0, 55.0, 0]
[14.0, 1.0, 4787]
[7.0, 47.0, 4650]
[7.0, 45.0, 5501]

80

[9.0, 48.0, 3325]
[10.0, 47.0, 3325]
[10.0, 50.0, 2105]
[10.0, 67.0, 0]
[10.0, 17.0, 5501]
[11.0, 45.0, 4787]
[11.0, 47.0, 2174]
[11.0, 48.0, 1151]
[11.0, 64.0, 0]
[11.0, 13.0, 5501]
[12.0, 45.0, 4650]
[12.0, 60.0, 0]
[12.0, 13.0, 5501]
[13.0, 45.0, 3103]
[13.0, 60.0, 0]
[13.0, 13.0, 5501]
[14.0, 35.0, 4650]
[14.0, 36.0, 2354]
[14.0, 37.0, 2174]
[14.0, 38.0, 1506]
[14.0, 40.0, 914]
[14.0, 55.0, 0]
[9.0, 50.0, 3103]
[9.0, 70.0, 0]
[4.0, 72.0, 0]
[9.0, 47.0, 4101]
[7.0, 48.0, 4101]
[7.0, 47.0, 4650]
[9.0, 45.0, 5501]

90

[9.0, 50, 3103.0]
[10.0, 48, 3103.0]
[10.0, 50, 1831.0]
[10.0, 67, 0.0]
[10.0, 10.0, 5501.0]
[11.0, 45, 4787.0]
[11.0, 47, 2174.0]
[11.0, 48, 1151.0]
[11.0, 64, 0.0]
[11.0, 4.0, 5501.0]
[12.0, 45, 4650.0]
[12.0, 60, 0.0]
[12.0, 4.0, 5501.0]
[13.0, 45, 3103.0]
[13.0, 60, 0.0]
[13.0, 4.0, 5501.0]
[14.0, 36, 2354.0]
[9.0, 70, 0.0]
[4.0, 72, 0.0]
[9.0, 48.0, 3325.0]
[7.0, 48.0, 4101.0]
[9.0, 47.0, 3411.0]
