selection file, result

10

[15.0, 40, 0.0, 0.0, 1.0]
[15.0, 39, 1.0, 0.0, 1.0]
[16.0, 40, 1.0, 0.0, 1.0]
[17.0, 40, 1.0, 1.0, 1.0]
[16.0, 39.0, 1.0, 1.0, 1.0]
[15.0, 34.0, 1.0, 1.0, 1.0]

20

[15.0, 40, 0.0, 0.0, 1.0]
[15.0, 39, 1.0, 1.0, 1.0]
[16.0, 40, 1.0, 1.0, 1.0]

30

[15.0, 40, 0.0, 1.0, 0.0]
[15.0, 39, 1.0, 1.0, 1.0]
[16.0, 40, 1.0, 1.0, 1.0]
[15.0, 40, 0.0, 0.0, 1.0]

40



50

[15.0, 40, 0.0, 1.0, 1.0]
[15.0, 39, 1.0, 1.0, 1.0]
[16.0, 40, 1.0, 1.0, 1.0]

60

[15.0, 40, 0.0, 1.0, 1.0]
[15.0, 39, 1.0, 1.0, 1.0]
[16.0, 40, 1.0, 1.0, 1.0]
