selection file, result

10

[16.0, 21, 5501.0]
[15.0, 41, 7897.0]
[15.0, 21, 20052.0]
[15.0, 61.0, 5501.0]
[14.0, 46, 15021.0]
[14.0, 73.0, 5501.0]

20

[16.0, 21, 5501.0]
[15.0, 33, 7431.0]
[15.0, 21, 14085.0]
[15.0, 45.0, 5501.0]
[14.0, 43, 13551.0]
[14.0, 65.0, 5501.0]

30

[15.0, 21, 5501.0]
[14.0, 41, 8615.0]
[14.0, 21, 27829.0]
[14.0, 61.0, 5501.0]

40

[15.0, 21, 5501.0]
[14.0, 41, 7689.0]
[14.0, 21, 15832.0]
[14.0, 61.0, 5501.0]

50

[15.0, 21, 5501.0]
[14.0, 41, 7689.0]
[14.0, 21, 15832.0]
[14.0, 61.0, 5501.0]

60

[15.0, 21, 5501.0]
[14.0, 41, 7689.0]
[14.0, 21, 15832.0]
[14.0, 61.0, 5501.0]
