selection file, result

100

[16.0, 39, 1.0, 1.0, 1.0]
[15.0, 34, 1.0, 0.0, 1.0]
[15.0, 29.0, 1.0, 1.0, 1.0]
[17.0, 40, 1.0, 1.0, 1.0]

150

[16.0, 39, 1.0, 1.0, 1.0]
[15.0, 34, 1.0, 0.0, 1.0]
[15.0, 29.0, 1.0, 1.0, 1.0]
[17.0, 40, 1.0, 1.0, 1.0]

200

[16.0, 39, 1.0, 1.0, 1.0]
[15.0, 34, 1.0, 0.0, 1.0]
[15.0, 29.0, 1.0, 1.0, 1.0]
[17.0, 40, 1.0, 1.0, 1.0]

250

[16.0, 39, 1.0, 1.0, 1.0]
[15.0, 34, 1.0, 0.0, 1.0]
[15.0, 29.0, 1.0, 1.0, 1.0]
[17.0, 40, 1.0, 1.0, 1.0]

300

[16.0, 39, 1.0, 1.0, 1.0]
[15.0, 34, 1.0, 0.0, 1.0]
[15.0, 29.0, 1.0, 1.0, 1.0]
[17.0, 40, 1.0, 1.0, 1.0]
