selection file, result

50

[100, 3.0, 0.0, 0.0]
[147, 2.0, 0.0, 0.0]
[188, 2.0, 1.0, 0.0]
[210, 2.0, 1.0, 1.0]
[185, 2.0, 0.0, 1.0]
[173, 1.0, 0.0, 0.0]
[207, 1.0, 1.0, 0.0]
[227, 1.0, 1.0, 1.0]
[202, 1.0, 0.0, 1.0]
[100, 4.0, 1.0, 0.0]
[153, 3.0, 1.0, 0.0]
[186, 3.0, 1.0, 1.0]
[100, 5.0, 1.0, 1.0]
[161, 4.0, 1.0, 1.0]
[100, 4.0, 0.0, 1.0]
[161, 3.0, 0.0, 1.0]

100

[100, 3.0, 0.0, 0.0]
[147, 2.0, 0.0, 0.0]
[188, 2.0, 1.0, 0.0]
[210, 2.0, 1.0, 1.0]
[185, 2.0, 0.0, 1.0]
[100, 4.0, 1.0, 0.0]
[153, 3.0, 1.0, 0.0]
[186, 3.0, 1.0, 1.0]
[100, 5.0, 1.0, 1.0]
[161, 4.0, 1.0, 1.0]
[100, 4.0, 0.0, 1.0]
[161, 3.0, 0.0, 1.0]

150

[100, 3.0, 0.0, 0.0]
[100, 4.0, 1.0, 0.0]
[153, 3.0, 1.0, 0.0]
[186, 3.0, 1.0, 1.0]
[100, 5.0, 1.0, 1.0]
[161, 4.0, 1.0, 1.0]
[100, 4.0, 0.0, 1.0]
[161, 3.0, 0.0, 1.0]

200



250


