selection file, result

1

[108, 2.0, 8.0, 0.0, 1.0]
[108, 4.0, 4.0, 0.0, 1.0]
[132, 3.0, 8.0, 0.0, 1.0]
[139.0, 3.0, 8.0, 1.0, 1.0]
[132, 4.0, 5.0, 0.0, 1.0]
[139.0, 4.0, 5.0, 1.0, 1.0]
[139, 4.0, 6.0, 0.0, 1.0]
[173.0, 4.0, 6.0, 1.0, 1.0]
[173, 4.0, 8.0, 0.0, 1.0]
[179.0, 4.0, 8.0, 1.0, 1.0]
[108, 4.0, 2.0, 1.0, 1.0]
[108, 6.0, 4.0, 0.0, 0.0]
[132, 6.0, 5.0, 0.0, 0.0]
[162, 6.0, 5.0, 1.0, 0.0]
[173, 6.0, 5.0, 1.0, 1.0]
[139, 6.0, 5.0, 0.0, 1.0]
[139, 6.0, 6.0, 0.0, 0.0]
[173, 6.0, 6.0, 1.0, 0.0]
[179, 6.0, 6.0, 1.0, 1.0]
[173, 6.0, 6.0, 0.0, 1.0]
[173, 6.0, 8.0, 0.0, 0.0]
[232, 6.0, 8.0, 1.0, 1.0]
[186, 6.0, 8.0, 0.0, 1.0]
[108, 6.0, 2.0, 1.0, 0.0]
[139, 6.0, 3.0, 1.0, 0.0]
[108, 6.0, 1.0, 1.0, 1.0]
[139, 6.0, 2.0, 1.0, 1.0]
[108, 6.0, 2.0, 0.0, 1.0]
[108, 0.0, 8.0, 1.0, 1.0]

2

[198, 6.0, 7.0, 0.0, 0.0]
[199, 6.0, 8.0, 0.0, 0.0]
[198, 3.0, 8.0, 0.0, 1.0]
[198, 1.0, 8.0, 1.0, 1.0]
[198, 2.0, 8.0, 1.0, 0.0]
[199.0, 3.0, 8.0, 1.0, 1.0]
[325.0, 6.0, 8.0, 1.0, 1.0]
[225.0, 6.0, 8.0, 0.0, 1.0]
[198, 6.0, 6.0, 1.0, 0.0]
[198, 3.0, 7.0, 1.0, 1.0]
[222, 4.0, 7.0, 1.0, 0.0]
[225, 4.0, 7.0, 1.0, 1.0]
[232, 6.0, 7.0, 1.0, 1.0]
[199, 6.0, 5.0, 1.0, 1.0]
[198, 6.0, 2.0, 1.0, 1.0]
[207.0, 6.0, 6.0, 1.0, 1.0]
[199, 6.0, 6.0, 0.0, 1.0]
[198, 6.0, 5.0, 0.0, 1.0]
[207.0, 6.0, 7.0, 0.0, 1.0]

4



8


