selection file, result

0

[3, 0.0, 1.0]
[3, 1.0, 0.0]
[1, 0.0, 0.0]

50

[50, 3.0, 1.0, 0.0]
[50, 2.0, 0.0, 1.0]
[47, 3.0, 0.0, 1.0]
[50, 0.0, 0.0, 0.0]
[38, 1.0, 0.0, 0.0]

100

[100, 3.0, 1.0, 1.0]
[100, 0.0, 0.0, 1.0]
[96, 1.0, 0.0, 1.0]
[38, 1.0, 0.0, 0.0]
[61, 2.0, 0.0, 1.0]
[47, 3.0, 0.0, 1.0]
[72, 0.0, 0.0, 0.0]
[100, 2.0, 1.0, 0.0]
[81, 3.0, 1.0, 0.0]

150

[150, 2.0, 1.0, 1.0]
[135, 3.0, 1.0, 1.0]
[47, 3.0, 0.0, 1.0]
[81, 3.0, 1.0, 0.0]
[150, 0.0, 0.0, 1.0]
[96, 1.0, 0.0, 1.0]
[38, 1.0, 0.0, 0.0]
[61, 2.0, 0.0, 1.0]
[72, 0.0, 0.0, 0.0]
[150, 1.0, 1.0, 0.0]
[136, 2.0, 1.0, 0.0]

200

[200, 0.0, 1.0, 1.0]
[187, 1.0, 1.0, 1.0]
[96, 1.0, 0.0, 1.0]
[38, 1.0, 0.0, 0.0]
[164, 1.0, 1.0, 0.0]
[174, 2.0, 1.0, 1.0]
[61, 2.0, 0.0, 1.0]
[136, 2.0, 1.0, 0.0]
[135, 3.0, 1.0, 1.0]
[47, 3.0, 0.0, 1.0]
[81, 3.0, 1.0, 0.0]
[166, 0.0, 0.0, 1.0]
[72, 0.0, 0.0, 0.0]
[178, 0.0, 1.0, 0.0]

250

[201, 0.0, 1.0, 1.0]
[187, 1.0, 1.0, 1.0]
[96, 1.0, 0.0, 1.0]
[38, 1.0, 0.0, 0.0]
[164, 1.0, 1.0, 0.0]
[174, 2.0, 1.0, 1.0]
[61, 2.0, 0.0, 1.0]
[136, 2.0, 1.0, 0.0]
[135, 3.0, 1.0, 1.0]
[47, 3.0, 0.0, 1.0]
[81, 3.0, 1.0, 0.0]
[166, 0.0, 0.0, 1.0]
[72, 0.0, 0.0, 0.0]
[178, 0.0, 1.0, 0.0]

300

[201, 0.0, 1.0, 1.0]
[187, 1.0, 1.0, 1.0]
[96, 1.0, 0.0, 1.0]
[38, 1.0, 0.0, 0.0]
[164, 1.0, 1.0, 0.0]
[174, 2.0, 1.0, 1.0]
[61, 2.0, 0.0, 1.0]
[136, 2.0, 1.0, 0.0]
[135, 3.0, 1.0, 1.0]
[47, 3.0, 0.0, 1.0]
[81, 3.0, 1.0, 0.0]
[166, 0.0, 0.0, 1.0]
[72, 0.0, 0.0, 0.0]
[178, 0.0, 1.0, 0.0]

350

[201, 0.0, 1.0, 1.0]
[187, 1.0, 1.0, 1.0]
[96, 1.0, 0.0, 1.0]
[38, 1.0, 0.0, 0.0]
[164, 1.0, 1.0, 0.0]
[174, 2.0, 1.0, 1.0]
[61, 2.0, 0.0, 1.0]
[136, 2.0, 1.0, 0.0]
[135, 3.0, 1.0, 1.0]
[47, 3.0, 0.0, 1.0]
[81, 3.0, 1.0, 0.0]
[166, 0.0, 0.0, 1.0]
[72, 0.0, 0.0, 0.0]
[178, 0.0, 1.0, 0.0]

400

[201, 0.0, 1.0, 1.0]
[187, 1.0, 1.0, 1.0]
[96, 1.0, 0.0, 1.0]
[38, 1.0, 0.0, 0.0]
[164, 1.0, 1.0, 0.0]
[174, 2.0, 1.0, 1.0]
[61, 2.0, 0.0, 1.0]
[136, 2.0, 1.0, 0.0]
[135, 3.0, 1.0, 1.0]
[47, 3.0, 0.0, 1.0]
[81, 3.0, 1.0, 0.0]
[166, 0.0, 0.0, 1.0]
[72, 0.0, 0.0, 0.0]
[178, 0.0, 1.0, 0.0]

450

[201, 0.0, 1.0, 1.0]
[187, 1.0, 1.0, 1.0]
[96, 1.0, 0.0, 1.0]
[38, 1.0, 0.0, 0.0]
[164, 1.0, 1.0, 0.0]
[174, 2.0, 1.0, 1.0]
[61, 2.0, 0.0, 1.0]
[136, 2.0, 1.0, 0.0]
[135, 3.0, 1.0, 1.0]
[47, 3.0, 0.0, 1.0]
[81, 3.0, 1.0, 0.0]
[166, 0.0, 0.0, 1.0]
[72, 0.0, 0.0, 0.0]
[178, 0.0, 1.0, 0.0]
